31
37
54
74
98
140
172
183
208
251
311
369
412
489
572
667
835
967
1117
1324
1252
1399
1681
1909
2165
2317
2470
2591
2771
3028
3254
3441
3537
3654
3822
4051
4160
4344
4491
4621
4816
5085
5307
5365
5486
5669
5675
5597
5439
5466
5120
4900
4662
4553
4332
4118
4170
4071
4075
4068
3962
3832
3746
3791
3626
3579
3456
3435
3412
3415
3567
3622
3685
3840
3846
3950
4104
4110
3956
4004
3997
3933
3783
3834
3932
3924
3838
3792
3848
3939
3918
3797
3486
3172
3041
2947
2709
2630
2585
2410
2360
2281
2238
2151
2095
2127
2049
2036
1918
1892
1889
2050
2052
2015
1960
1944
1886
1839
1833
1766
1673
1668
1599
1456
1470
1454
1442
1400
1365
1366
1398
1446
1474
1584
1540
1492
1547
1544
1558
1574
1575
1476
1397
1360
1319
1312
1274
1245
1185
1120
1090
1052
981
994
952
912
891
899
903
904
920
951
965
964
986
1003
1010
1036
1059
1030
1070
1103
1148
1181
1221
1240
1236
1249
1282
1345
1390
1461
1527
1540
1567
1657
1769
1848
2027
2157
2316
2427
2652
2881
3054
3299
3578
3652
3774
3899
3996
4196
4564
4791
4955
4975
5203
5380
5405
5474
5469
5344
5442
5652
5754
5697
5833
5946
5884
5883
5873
5986
5954
6047
6237
6299
6390
6474
6821
7120
7286
7418
7474
7578
7669
7877
7981
8096
8295
8321
8358
8398
8667
9105
9514
10106
10631
11271
11630
12188
12345
12830
12932
12822
12628
12623
12827
12918
13004
12917
12779
12871
13255
13538
13779
14197
14524
14526
14795
14997
15212
15547
16034
16151
16089
16233
16283
16221
16204
16586
17031
17084
17484
17742
18207
18567
19019
19300
19424
19809
19688
19879
19861
19612
19891
20558
21617
21582
22847
23611
24778
25840
26064
26718
28203
28691
30079
30632
30141
29636
29307
28825
28618
28893
28621
27615
26467
26063
25263
24545
24153
23620
23036
21932
21478
20357
19724
19216
19017
17451
16811
16330
15722
15269
14799
14331
13948
13270
12853
12496
12343
12047
11825
11604
10985
10702
10550
10437
10371
10335
10296
10050
10071
10294
10479
10492
10570
10546
10397
10309
10378
10210
10389
11016
11223
11311
11283
11512
11818
12383
12528
12506
12512
12814
13253
13810
14230
14751
15017
15047
16081
16563
17519
18405
18965
19810
20155
20875
22016
23190
24320
25487
26568
27359
28059
29627
30999
32817
34758
35840
36808
38341
39977
40694
41588
42863
42941
42917
41962
41735
41473
41157
40586
39914
38853
38438
38062
37438
37200
36997
36440
34976
34377
33645
32888
32404
31991
31151
29962
29235
28069
27566
26656
25869
24966
23416
23026
22200
21454
20672
20038
19026
17727
16541
15438
14423
13371
12567
11689
10664
9961
9459
8937
8368
7937
7378
6824
6464
6184
5841
5601
5374
5012
4662
4390
4110
3871
3673
3454
3248
3032
2938
2899
2729
2625
2506
2409
2257
2265
2175
2113
2031
1967
1883
1841
1816
1757
1710
1592
1610
1548
1478
1443
1403
1373
1378
1355
1354
1334
1363
1407
1424
1450
1429
1395
1378
1424
1491
1606
1667
1705
1717
1690
1706
1879
2057
2242
2375
2494
2611
2868
3110
3426
3667
3872
3930
4067
4243
4447
4660
4989
5126
5053
5140
5305
5444
5697
5874
6028
5868
5861
6031
6094
6301
6536
6399
6272
6040
6056
6123
6209
6249
6216
6103
5936
6129
6239
6395
6396
6376
6178
5851
5845
5747
5583
5591
5626
5262
4989
4947
4969
5021
4983
5004
4734
4579
4575
4517
4592
4586
4491
4369
4136
4022
3974
3938
3898
3846
3672
3435
3356
3421
3369
3258
3215
3051
2978
3018
3038
3050
3015
3159
3100
3093
3189
3395
3533
3800
4040
4022
4053
4269
4400
4586
4778
4985
4814
4741
4872
5094
5317
5465
5597
5487
5407
5552
5807
6079
6484
6816
6940
6750
6932
7217
7540
8115
8439
8479
8351
8661
9193
10009
10803
11538
12032
12666
14065
15792
17882
20847
23591
25702
28288
32412
39980
48517
56540
64054
70391
76992
86754
98822
112486
123282
130307
134130
134030
135313
135223
136548
137822
140523
138560
132188
122246
111496
99315
94408
94614
91473
84266
79370
74905
71387
67674
65504
61566
56929
54074
51437
49551
46950
44863
42609
41534
39656
38021
36524
34914
33435
32078
30182
29196
28354
27957
27032
26170
25014
23962
23048
22413
22024
21302
20708
19984
18690
18449
18410
18561
18471
18178
17455
16976
16926
16904
16873
16994
16699
16237
16206
15950
15968
16241
16228
16011
15478
15413
15397
15994
16352
16509
16405
16283
16270
16831
17752
18576
19149
19436
19354
19736
20748
22076
23387
24603
25154
25019
25559
26929
28570
30056
31180
31703
31717
32198
33432
34622
36016
35665
35500
33953
31080
32082
33098
33620
34520
33905
32747
31675
31464
30742
30370
30190
29173
28046
27046
26073
25388
24708
24133
23363
22285
21211
20755
20457
19948
19553
19218
18270
17572
16910
16411
15873
15439
14967
14347
13049
12498
12003
11585
11137
10753
10204
9732
9538
9297
9221
9086
8884
8648
8782
8696
8522
8443
8405
8177
7901
7720
7623
7640
7586
7477
7310
7245
7133
7291
7539
7790
8051
8166
8169
8506
8970
9429
9892
9889
10024
10132
10586
11177
11842
12409
12894
13084
13174
13680
14607
15368
16032
16705
16910
16718
17286
17969
18425
19178
19304
19394
19171
19075
19163
19149
19277
19240
18928
18417
17391
17153
17406
17490
17437
17367
16965
16691
16647
