36
42
59
79
103
145
177
189
214
258
318
377
425
503
588
688
858
993
1144
1355
1706
1966
2392
2793
3255
3630
4038
4347
4726
5276
5759
6237
6648
7049
7470
7953
8447
8961
9525
10010
10578
11184
11735
12245
12879
13519
13995
14432
14856
15381
15728
16187
16608
17119
17553
17923
18310
18722
19121
19598
19944
20238
20546
20907
21236
21581
21922
22313
22653
22957
23384
23774
24187
24628
25040
25500
25904
26191
26483
26866
27210
27533
27859
28263
28709
29047
29403
29747
30202
30617
30860
31090
31341
31544
31726
31992
32189
32370
32554
32744
32917
33095
33301
33476
33637
33853
34016
34205
34316
34476
34654
34911
35068
35217
35370
35535
35656
35794
35948
36060
36178
36348
36464
36594
36723
36839
36950
37052
37163
37274
37440
37604
37739
37942
38107
38210
38405
38543
38680
38799
38910
38986
39075
39209
39333
39449
39537
39628
39714
39809
39897
39967
40046
40161
40194
40289
40367
40459
40565
40646
40745
40870
40972
41048
41179
41287
41402
41507
41607
41695
41813
41935
42083
42195
42309
42421
42554
42686
42834
43003
43161
43351
43536
43685
43855
44068
44300
44504
44817
45068
45383
45676
46077
46484
46849
47274
47752
48087
48496
48905
49340
49831
50531
51085
51710
52248
52980
53633
54199
54814
55362
55945
56742
57681
58490
59139
59946
60692
61413
62196
62908
63713
64371
65075
65896
66686
67527
68353
69331
70373
71224
72051
72885
73819
74715
75730
76707
77655
78705
79692
80690
81693
82825
84153
85395
86783
88209
89784
91180
92761
94009
95496
96745
98162
99372
100790
102378
103912
105501
106510
107883
109361
111216
113038
114746
116492
118199
119922
121746
123526
125385
127309
129234
130910
132800
134783
136631
138504
140181
142121
144396
146535
148967
151257
153614
155930
158053
160255
162663
165110
167269
169411
171416
173355
175908
178831
182159
184635
187998
190962
194232
197360
200626
204145
208394
211837
215782
219120
222023
224984
228310
231308
234364
237786
240364
242277
244932
247564
250226
252585
255002
256960
258700
260370
262463
264300
266363
268211
270180
270925
272097
273660
275330
276718
278207
279472
280494
281566
282511
283587
284887
285868
286832
287736
288583
289621
290771
291999
293086
294144
295119
296173
297311
298569
299754
300816
301839
302805
303763
304757
306007
306997
308296
309927
311112
312428
313520
314891
316359
318106
319374
320448
321956
323509
325254
327083
328874
330573
332119
333690
336070
338239
340692
343140
345234
347570
349903
352460
355549
358558
361599
364537
367602
370817
374112
378339
382152
386608
391009
394679
398835
403571
408383
412745
416995
421442
424911
429123
432805
437310
441404
445351
448861
452126
455606
459477
463364
466733
470465
473901
476692
479633
483057
486223
489087
492303
495019
497092
499412
502171
504533
507117
509316
511486
513102
514690
517090
518980
520774
522465
523911
524950
526045
527180
528453
529510
530543
531459
532158
532891
533761
534675
535419
536082
536607
537076
537487
538077
538651
539153
539683
540130
540426
540810
541180
541525
541880
542198
542468
542764
543019
543315
543571
543917
544204
544414
544713
544897
545181
545381
545590
545803
545973
546217
546411
546621
546804
546983
547149
547263
547409
547562
547705
547864
548040
548217
548347
548474
548609
548794
548986
549156
549328
549447
549576
549734
549952
550178
550436
550654
550822
550986
551125
551338
551678
552056
552479
552804
553125
553449
553962
554472
555050
555561
556087
556435
556920
557451
558101
558790
559512
560151
560637
561297
561975
562756
563591
564331
565025
565550
566206
567071
567878
568822
569633
570214
570778
571332
572130
572978
573835
574619
575219
575796
576389
577253
578048
578869
579584
580194
580768
581231
581908
582635
583275
583928
584541
585007
585502
586149
586817
587521
588101
588612
589041
589517
590104
590677
591331
591866
592324
592714
593020
593437
593933
594419
594862
595235
595563
595867
596280
596772
597145
597515
597841
598110
598431
598840
599259
599615
599955
600377
600708
601086
601524
602087
602595
603231
603711
604152
604606
605248
605846
606507
607173
607725
608206
608718
609429
610222
610950
611691
612318
612931
613522
614270
615197
616051
617015
617803
618490
619270
620229
621260
622313
623497
624384
625312
626321
627611
629064
630671
632147
633683
635112
636920
639341
642465
645766
649943
653727
657180
661563
667353
676924
687336
697162
706580
715405
725841
739648
756361
774806
791520
805098
816450
828032
841371
853270
866632
878591
888297
896248
906031
915940
926904
937636
948086
956607
963693
969437
977194
984359
990832
996665
1001455
1004879
1010247
1016099
1021436
1026291
1030251
1033294
1035916
1039825
1043923
1047970
1051174
1054061
1056149
1058241
1061403
1064604
1067511
1070455
1072720
1074485
1076078
1078610
1080937
1083274
1085518
1087484
1088819
1090101
1091526
1093930
1096357
1098695
1100696
1102011
1103187
1105146
1107408
1109493
1111423
1113210
1114284
1115492
1117439
1119564
1121694
1123709
1125340
1126456
1127532
1129543
1131941
1134443
1136521
1138201
1139418
1140865
1143014
1145575
1148336
1151090
1153305
1155046
1156656
1159470
1162609
1166128
1169361
1172438
1174686
1176677
1180121
1184345
1188640
1192437
1195918
1198319
1200619
1204452
1209041
1213373
1217574
1220024
1222243
1223461
1224534
1229572
1234240
1238060
1242158
1244186
1246013
1249018
1252578
1255338
1258137
1260380
1261655
1263202
1265690
1268390
1270808
1272972
1274910
1276116
1277205
1279200
1281360
1283329
1284904
1286468
1287529
1288557
1290249
1291814
1293226
1294447
1295499
1296167
1296786
1297561
1298778
1299874
1301018
1301896
1302443
1303033
1304063
1305101
1305989
1306890
1307600
1308068
1308605
1309618
1310525
1311360
1312185
1312844
1313201
1313661
1314447
1315224
1316080
1316767
1317380
1317747
1318310
1319089
1319977
1320952
1321827
1322710
1323231
1323948
1325185
1326395
1327617
1328710
1329303
1330006
1330908
1332390
1333902
1335527
1336949
1338153
1338987
1340053
1341873
1343978
1345885
1347728
1349329
1350456
1351531
1353649
1355861
1357849
1360028
1361492
1362616
1363867
1365863
1367768
1369579
1371369
1372876
1373858
1374713
1375893
1377753
1379978
1381780
1383310
1384419
1385502
1387232
1388978
