0
0
0
0
0
0
0
0
0
0
0
0
0
0
0
0
0
0
0
0
0
0
0
0
0
0
0
0
0
0
0
0
0
0
0
0
0
0
0
0
0
0
0
0
0
0
0
0
0
0
0
0
0
0
0
0
0
0
0
0
0
0
0
0
0
0
0
0
0
0
0
0
0
0
0
0
0
0
0
0
0
0
0
0
0
0
0
0
0
0
0
0
0
0
0
0
0
0
0
0
0
0
0
0
0
0
0
0
0
0
0
0
0
0
0
0
0
0
0
0
0
0
0
0
0
0
0
0
0
0
0
0
0
0
0
0
0
0
0
0
0
0
0
0
0
0
0
0
0
0
0
0
0
0
0
0
0
0
0
0
0
0
0
0
0
0
0
0
0
0
0
0
0
0
0
0
0
0
0
0
0
0
0
0
0
0
0
0
0
0
0
0
0
0
0
0
0
0
0
0
0
0
0
0
0
0
0
0
0
0
0
0
0
0
0
0
0
0
0
0
0
0
0
0
0
0
0
0
0
0
0
0
0
0
0
0
0
0
0
0
0
0
0
0
0
0
0
0
0
0
0
0
0
0
0
0
0
0
0
0
0
0
0
0
0
0
0
0
0
0
0
0
0
0
0
0
0
0
0
0
0
0
0
0
0
0
0
0
0
0
0
0
0
0
0
0
0
0
0
0
0
0
430
1087
2027
2940
2942
2942
3023
4389
6647
8547
9667
10857
10876
12805
16181
20113
24646
28954
31441
35628
41643
48230
55286
61679
67787
68849
70293
72057
74994
80977
87831
96573
101744
106163
115529
125725
136988
151282
164307
174643
182137
186934
195366
205802
217715
229151
235922
240669
247042
251590
255449
258014
260972
262103
263214
264896
266710
268118
269063
270625
271807
273676
276193
279204
281714
282748
284686
285615
287283
288918
290659
292269
294749
297134
298549
299297
301043
302664
304386
306373
308301
309285
311248
313889
315820
317715
320350
321469
322048
322197
323148
324783
326360
328598
330982
333150
333419
335262
337206
339491
341933
344244
345310
346005
347597
349396
351354
355208
358776
360354
361166
362563
365166
368403
371110
373559
375280
375905
378085
381123
384589
387484
390990
392835
393884
396787
402258
407600
415531
422960
429636
432760
442102
456784
473759
495757
519981
531603
537970
544288
569317
594854
624920
659139
687894
706832
739722
781163
834981
896065
963257
1031520
1086805
1174330
1282676
1399776
1533742
1667761
1796782
1894320
2037751
2198715
2371035
2547241
2725302
2874280
2972700
3145372
3343744
3542439
3761221
3988105
4163621
4324770
4563469
4808170
5051210
5185939
5377506
5554637
5687477
5883641
6069647
6312906
6515960
6702624
6855946
6966273
7124007
7283528
7429926
7578116
7726829
7845691
7926705
8042242
8165247
8272485
8375133
8480761
8569752
8625932
8702111
8779459
8851757
8919362
8985638
9035335
9069572
9095394
9143402
9189535
9231765
9280698
9318953
9343260
9381122
9418632
9456663
9493726
9532105
9563420
9583506
9612865
9641986
9670921
9700285
9731926
9754737
9770389
9793814
9819677
9844659
9867920
9892465
9911914
9923606
9942834
9964336
9983796
10006367
10031003
10049092
10060774
10068507
10089234
10109582
10128949
10152637
10170086
10179312
10195431
10215951
10236143
10256563
10280570
10299445
10309713
10327192
10351311
10378380
10406874
10437551
10461784
10474837
10493722
10517103
10540179
10558963
10583567
10599457
10612380
10629132
10649353
10665079
10684356
10707708
10726674
10734563
10738052
10756935
10775345
10794769
10815108
10830407
10838750
10852509
10868680
10883221
10900029
10918231
10931045
10937705
10949674
10964047
10977572
10991730
11007022
11017767
11022859
11031522
11042298
11053036
11063495
11069363
11078003
11089632
11098007
11107758
11117999
11126663
11138723
11147412
11152122
11160503
11169767
11178476
11187346
11197154
11204499
11208667
11215575
11223333
11230866
11238458
11245640
11250989
11254056
11259729
11266204
11272268
11281481
11288025
11292723
11295706
11300708
11306219
11311453
11316878
11323370
11327927
11330544
11334812
11340162
11345168
11350356
11355707
11359730
11362551
11367446
11373519
11379811
11383811
11388860
11389124
11390166
11394756
11400095
11404979
11410550
11415518
11416671
11421633
11427792
11436474
11445183
11454222
11462390
11469856
11474711
11482911
11493087
11504282
11517048
11530464
11541311
11548371
11552007
11560871
11570076
11580643
11595052
11609879
11618510
11629357
11644800
11660422
11676521
11696545
11718056
11728578
11740651
11756159
11770908
11784543
11802058
11818936
11827116
11836876
11847856
11860148
11873612
11887639
11901176
11907730
11914979
11925063
11935389
11944792
11955214
11963565
11967433
11969223
11976167
11983625
11990650
11998022
12005680
12008467
12012948
12017957
12022492
12027179
12032707
12038611
12040581
12043537
12047319
12051391
12055691
12060541
12065628
12067956
12071173
12075512
12079940
12083561
12088054
12092059
12093744
12095886
12098568
12101350
12103812
12106871
12110457
12111700
12113240
12115371
12117682
12119855
12122293
12124874
12125870
12127114
11334812
11340162
11345168
11350356
11355707
11359730
11362551
11367446
11373519
11379811
11383811
11388860
11389124
11390166
11394756
11400095
11404979
11410550
11415518
11416671
11421633
11427792
11436474
11445183
11454222
11462390
11469856
11474711
11482911
11493087
11504282
11517048
11530464
11541311
11548371
11552007
11560871
11570076
11580643
11595052
11609879
11618510
11629357
11644800
11660422
11676521
11696545
11718056
11728578
11740651
11756159
11770908
11784543
11802058
11818936
11827116
11836876
11847856
11860148
11873612
11887639
11901176
11907730
11914979
11925063
11935389
11944792
11955214
11963565
11967433
11969223
11976167
11983625
11990650
11998022
12005680
12008467
12012948
12017957
12022492
12027179
12032707
12038611
12040581
12043537
12047319
12051391
12055691
12060541
12065628
12067956
12071173
12075512
12079940
12083561
12088054
12092059
12093744
12095886
12098568
12101350
12103812
12106871
12110457
12111700
12113240
12115371
12117682
12119855
12122293
12124874
12125870
12127114
12128770
12130723
12132552
12134753
12137125
12137996
12139297
12141151
12143064
12145423
12146018
12147927
12148399
12149212
12150839
12152714
12154444
12156542
12158421
12159149
12160463
12162088
12163802
12165406
12167164
12168707
12169233
12170370
12172000
12173418
12175034
12176491
12177794
12178251
12179256
12180759
12182139
12183548
12184937
12186188
12186757
12187754
12189111
12190539
12191973
12193332
12194239
12194709
12194874
12196058
12197164
12198478
12199821
12201070
12201691
12202792
12203953
12205080
12206377
12207728
12208839
12209299
12210291
12211563
12212548
12213669
12214746
12216047
12216498
12217196
12218160
12219090
12220042
12221046
12221942
12222258
12222974
12223793
12224685
12225560
12226562
12227432
12227838
12228426
12229300
12231378
12232541
12232743
12233202
12233487
12234153
12235321
12236403
12237383
12238267
12238754
12239108
12239827
12240910
12241754
12242793
12243774
12244421
12244676
12245489
12246660
12247804
12249137
12250288
12251081
12251392
12252268
12253500
12254680
12255828
12256163
12256876
12257438
12257683
12257944
12259768
12260793
12261684
12262271
12262487
12263227
12264285
12265282
12266301
12267284
12267931
12268211
12269038
12269226
12270711
